Fs = 131072
p0 = 0.040466
p1 = 9.176758
p2 = 8.196875
p3 = 16.650000
q0 = 0.000000
q1 = 0.391406
q2 = 1.037500
w = 24
d = 16
k_bitshift = -12
k_preint = 0
k_postint = -12
