Fs = 2097152
p0 = 0.000010
p1 = 0.035847
p2 = 0.512305
p3 = 16.650000
q0 = 0.000000
q1 = 0.001529
q2 = 0.064844
w = 24
d = 16
k_bitshift = -12
k_preint = 0
k_postint = -12
